11 10 13 12 15 -14 -17 -16 19 18 1 0 -3 -2 -5 -4 7 6 9 8
-11 10 13 12 15 14 -17 16 19 18 1 0 3 2 -5 4 7 6 9 -8
11 10 13 12 15 14 17 16 -19 18 1 0 -3 -2 5 -4 -6 8
11 10 -13 12 15 14 17 16 -19 18 1 0 -3 2 -5 4 7
11 10 13 12 15 14 -17 19 18 1 0 -2 5 4 -7 6 9 8
30 54 -28 -36 60 -61 62 -63 -64 -65 -66 -67 -68 -69 -34 -24 25 26 -27 20 21 22 23 46 -47 44 45 42 43 40 41 1 -0 -3 2 -5 -4 -7 -6 -9 31 -51 -49 35 -39 -74 73 -72 71 70 -59 38 29 32 -58 11 10 13 12 15 14 17 16 19 18 -57 -56 -37 -50 -53 -52 55 48 -33
30 28 50 -60 61 -62 63 -64 65 -66 -67 68 -69 -52 53 23 -24 -25 -26 27 20 -21 48 49 46 47 44 -45 42 29 -40 -41 1 0 3 2 5 4 -7 6 9 -8 -43 13 -74 -73 72 71 -70 -15 38 -32 14 11 10 39 -12 -59 22 17 16 -55 -54 57 56 -51 -36 35 34 -33 37 18 -31
-30 -51 48 -50 -60 -61 -62 63 64 65 -66 -67 68 69 34 -42 24 -25 26 27 20 21 22 -23 -46 -47 44 45 28 -29 40 41 1 0 -3 2 5 4 7 -6 -9 -8 -49 43 35 39 -74 73 -72 -71 70 -59 38 -32 58 11 10 13 12 -15 14 17 16 19 18 31 56 -37 -36 -53 52 33 -55 -54
-56 -42 -48 -43 -60 -61 62 -63 64 -35 66 -67 -68 69 -34 23 -24 -25 26 -27 20 21 22 49 46 47 -44 45 28 29 -40 -41 1 0 -3 2 -5 -4 -7 6 9 -8 18 -51 13 65 38 -73 72 -71 70 -59 58 11 10 39 12 15 14 17 16 -19 -32 -31 -30 -37 36 53 -52 -33 -55 -74 54 -57 -50
30 28 -45 -43 60 -61 62 63 -64 -49 66 67 -68 -69 -52 53 -24 25 -26 27 20 21 22 -23 -46 -47 -44 -48 42 29 -40 41 1 0 3 2 -5 4 -7 -6 9 -8 -50 51 -33 39 -38 -73 72 70 59 -32 -58 11 10 13 12 15 14 17 16 55 18 -31 56 37 36 35 34 19 -74 54 -57 -65
-30 -42 -48 -36 -60 -61 62 -63 -64 -65 -66 -67 68 -69 34 53 24 25 26 27 -20 21 22 -23 46 47 -44 -45 -28 29 -40 -41 1 0 3 2 5 -4 -7 -6 -9 8 -49 13 74 73 -72 -71 70 15 -38 32 14 11 10 -39 12 59 -58 17 16 19 18 -31 56 51 -50 35 -52 -33 55 37 -54 -57
-30 -28 22 36 60 -61 -62 -63 -64 -65 -66 -67 68 -69 52 53 -24 25 -26 27 20 21 -48 23 -46 47 -44 45 42 29 40 41 1 0 3 2 -5 4 -7 6 9 8 -51 49 -43 -39 74 73 72 71 -70 15 38 -58 11 10 13 12 -59 -14 17 16 19 54 31 56 -37 50 35 34 -33 -55 18 -57
30 54 -37 48 -45 -43 60 61 -62 64 65 -66 67 68 69 34 24 25 26 -27 20 21 -22 49 -46 47 44 42 28 -29 -40 -41 1 0 3 2 -5 4 -6 9 8 -56 -35 39 74 73 -72 71 -70 15 38 14 11 10 13 12 -59 58 17 16 19 -32 -57 23 51 36 -53 52 55 31 18 33 50
30 -41 28 -43 60 -61 -62 63 -64 -65 -67 -69 32 -53 -24 25 26 -27 20 21 22 -49 46 47 44 -45 42 29 40 18 1 0 -3 2 -5 -4 7 6 -9 -52 -39 12 -73 -72 -71 70 -59 -58 11 10 13 38 15 14 17 16 19 54 57 23 -51 -50 -35 -34 -33 -55 -37 48 -31
-56 36 42 -48 -43 -61 62 63 -64 65 66 67 68 -69 -32 -53 -24 25 23 -27 -20 21 22 -49 -46 -47 44 -45 28 29 40 41 1 0 -3 2 -5 -4 7 -6 -8 -26 13 -57 34 12 73 72 -71 70 -59 14 11 10 39 38 15 -58 17 16 55 -18 31 -30 51 -50 -35 -52 19 74 -37 54 -33
